0 0.09375 0.3578125 0.0625 0.09453125
0 0.20390625 0.34765625 0.0328125 0.04453125
0 0.50078125 0.41171875 0.05546875 0.13125
0 0.70078125 0.4609375 0.0828125 0.096875
0 0.96015625 0.44609375 0.07890625 0.13359375
0 0.83828125 0.40859375 0.059375 0.096875
0 0.690625 0.33671875 0.0453125 0.04453125
0 0.3578125 0.36953125 0.0328125 0.059375
0 0.4203125 0.31484375 0.01796875 0.03671875
0 0.6515625 0.31171875 0.04140625 0.04765625
0 0.6953125 0.33359375 0.03671875 0.0625
0 0.45546875 0.31875 0.0296875 0.05625
0 0.35859375 0.31796875 0.025 0.03125
1 0.54375 0.3671875 0.0359375 0.071875