0 0.39296875 0.56875 0.0859375 0.171875
1 0.6328125 0.565625 0.084375 0.13671875
1 0.62578125 0.34140625 0.071875 0.1265625
1 0.9 0.55078125 0.0671875 0.14453125
1 0.83828125 0.5375 0.0609375 0.109375
1 0.08671875 0.4625 0.040625 0.0984375
1 0.1984375 0.540625 0.0640625 0.1203125
1 0.23828125 0.51796875 0.0421875 0.125
0 0.49375 0.45703125 0.0734375 0.14609375
1 0.44765625 0.51796875 0.0703125 0.16796875
0 0.35390625 0.47421875 0.06484375 0.1140625
0 0.42578125 0.409375 0.0453125 0.08984375
0 0.96796875 0.615625 0.0640625 0.19921875
1 0.76953125 0.43828125 0.0453125 0.07578125
1 0.16796875 0.396875 0.04375 0.08515625