0 0.88203125 0.240625 0.1296875 0.2046875
0 0.66953125 0.2625 0.0953125 0.1734375
0 0.57421875 0.3359375 0.06328125 0.1140625
0 0.51875 0.3390625 0.05703125 0.11484375
0 0.4640625 0.35859375 0.05234375 0.096875
0 0.3984375 0.390625 0.0453125 0.0796875
0 0.34296875 0.38671875 0.03125 0.0640625
0 0.3046875 0.4109375 0.0265625 0.05234375
0 0.25859375 0.3984375 0.01640625 0.0421875
0 0.31171875 0.3703125 0.025 0.04296875
0 0.23125 0.4171875 0.025 0.03125
0 0.0828125 0.46796875 0.02265625 0.03359375
0 0.11953125 0.4515625 0.01328125 0.015625
0 0.14375 0.44609375 0.01640625 0.0296875
0 0.1671875 0.4328125 0.0125 0.02578125
0 0.184375 0.4109375 0.0171875 0.0359375