1 0.44609375 0.1515625 0.0984375 0.22578125
1 0.81015625 0.2265625 0.0859375 0.19609375
1 0.6203125 0.3125 0.08828125 0.20625
1 0.1921875 0.2421875 0.05546875 0.08515625
1 0.246875 0.22890625 0.04765625 0.0828125
1 0.04609375 0.28203125 0.090625 0.1265625
1 0.1203125 0.16953125 0.0328125 0.05703125
1 0.884375 0.19140625 0.02421875 0.06328125
1 0.96953125 0.25703125 0.04375 0.07734375
1 0.328125 0.16875 0.040625 0.0625
1 0.35546875 0.159375 0.0265625 0.05625
1 0.2265625 0.17578125 0.01953125 0.04453125
1 0.1609375 0.1671875 0.02734375 0.05859375
1 0.51953125 0.16484375 0.04609375 0.06640625