0 0.31015625 0.08828125 0.04453125 0.109375
0 0.4828125 0.1234375 0.0671875 0.11484375
0 0.63203125 0.1390625 0.04921875 0.10390625
0 0.81953125 0.1828125 0.05078125 0.11953125
0 0.5421875 0.13046875 0.0265625 0.0734375
0 0.43125 0.11796875 0.0296875 0.0671875
0 0.1 0.0796875 0.0578125 0.0984375
0 0.71328125 0.1671875 0.0265625 0.03984375
1 0.9203125 0.19453125 0.02109375 0.06015625
1 0.12421875 0.065625 0.05234375 0.0875
0 0.67578125 0.16953125 0.025 0.0703125
0 0.57109375 0.14609375 0.0234375 0.078125
0 0.8859375 0.19296875 0.02109375 0.0703125
0 0.78671875 0.16796875 0.028125 0.05390625