0 0.26484375 0.234375 0.05859375 0.09375
0 0.42578125 0.246875 0.0390625 0.06171875
0 0.65234375 0.22265625 0.03984375 0.07421875
0 0.5546875 0.24609375 0.071875 0.0640625
0 0.82265625 0.2390625 0.03828125 0.0671875
0 0.74375 0.2296875 0.025 0.05234375
0 0.7765625 0.23984375 0.0265625 0.06875
0 0.33125 0.21875 0.0328125 0.05859375
0 0.17890625 0.22421875 0.05234375 0.05390625
0 0.06171875 0.215625 0.05390625 0.08125
0 0.10078125 0.21875 0.02578125 0.05546875
0 0.01796875 0.22109375 0.021875 0.08046875