0 0.26953125 0.67890625 0.0671875 0.1125
0 0.38828125 0.4734375 0.04453125 0.08203125
1 0.60390625 0.53046875 0.05546875 0.09140625
0 0.4296875 0.23046875 0.053125 0.0671875
0 0.64375 0.134375 0.03984375 0.0921875
0 0.26171875 0.0875 0.0515625 0.06953125
1 0.471875 0.35390625 0.0640625 0.06796875
1 0.503125 0.32890625 0.0578125 0.09375
1 0.68359375 0.2828125 0.07890625 0.07265625
1 0.96484375 0.37734375 0.0703125 0.1015625
1 0.9015625 0.27109375 0.05078125 0.09921875
1 0.875 0.1515625 0.0296875 0.05546875
0 0.74375 0.03671875 0.046875 0.05078125
1 0.678125 0.9265625 0.08046875 0.0984375
1 0.778125 0.6 0.0390625 0.1265625
1 0.56796875 0.0765625 0.0328125 0.07734375
0 0.03125 0.54140625 0.05390625 0.10078125