1 0.4921875 0.42734375 0.0484375 0.0515625
0 0.4109375 0.29296875 0.0390625 0.08515625
0 0.08515625 0.1546875 0.03828125 0.05234375
0 0.2578125 0.07578125 0.03359375 0.0453125
0 0.1703125 0.03125 0.06796875 0.05703125
0 0.55625 0.24609375 0.0390625 0.0375
0 0.721875 0.4140625 0.04921875 0.04140625
0 0.8390625 0.50625 0.0578125 0.0359375
0 0.94375 0.3953125 0.08046875 0.11640625
0 0.878125 0.18125 0.04375 0.059375
0 0.79609375 0.10234375 0.05078125 0.05234375
0 0.74296875 0.2015625 0.0609375 0.04921875
0 0.7015625 0.27890625 0.05625 0.04921875
0 0.63671875 0.16484375 0.04296875 0.05546875
0 0.690625 0.06953125 0.04609375 0.0453125
0 0.3421875 0.01953125 0.03671875 0.03359375
1 0.290625 0.01640625 0.0484375 0.0328125
0 0.6140625 0.05 0.02890625 0.04375