1 0.13359375 0.50390625 0.05625 0.0578125
1 0.309375 0.521875 0.05 0.0484375
1 0.44609375 0.52578125 0.04296875 0.05703125
0 0.59609375 0.46015625 0.04921875 0.065625
1 0.82578125 0.4265625 0.0328125 0.04765625
1 0.9109375 0.34453125 0.0359375 0.0453125
1 0.86171875 0.33046875 0.0453125 0.05390625
0 0.81640625 0.365625 0.03203125 0.06640625
0 0.5375 0.4421875 0.0734375 0.0515625
1 0.53515625 0.5 0.053125 0.04609375
0 0.21875 0.41953125 0.06015625 0.07109375
0 0.11953125 0.23515625 0.0375 0.06640625
0 0.83828125 0.496875 0.0515625 0.0609375
0 0.96328125 0.34609375 0.04140625 0.07265625
0 0.70078125 0.23203125 0.02578125 0.03046875