0 0.2046875 0.88046875 0.0484375 0.07265625
0 0.3515625 0.79765625 0.04375 0.0859375
0 0.5015625 0.6703125 0.03671875 0.0546875
0 0.375 0.565625 0.046875 0.06640625
0 0.42109375 0.41796875 0.04921875 0.0734375
0 0.63984375 0.58203125 0.0359375 0.06171875
0 0.8390625 0.690625 0.0515625 0.0671875
0 0.8984375 0.8078125 0.06328125 0.06875
0 0.8578125 0.29609375 0.04609375 0.0546875
0 0.75078125 0.384375 0.03515625 0.0703125
0 0.60703125 0.34921875 0.0390625 0.0578125
0 0.71484375 0.23046875 0.04921875 0.03984375
0 0.4828125 0.16875 0.04921875 0.053125
0 0.196875 0.33671875 0.05546875 0.065625
0 0.0515625 0.4171875 0.04921875 0.04453125
0 0.11015625 0.5453125 0.03984375 0.0546875
0 0.1875 0.67421875 0.0453125 0.04296875
0 0.065625 0.80546875 0.03828125 0.0765625
0 0.06953125 0.2953125 0.03984375 0.07890625
0 0.03828125 0.07734375 0.0328125 0.053125
0 0.1828125 0.0421875 0.03515625 0.05390625
0 0.44296875 0.0828125 0.0421875 0.0484375
0 0.33671875 0.02734375 0.03671875 0.04921875
0 0.66015625 0.03984375 0.0296875 0.0453125
0 0.69140625 0.12734375 0.03828125 0.04609375
0 0.8515625 0.17578125 0.03359375 0.06484375
0 0.91875 0.09609375 0.03125 0.04140625
0 0.98046875 0.4546875 0.0390625 0.06015625
0 0.971875 0.58515625 0.05546875 0.05546875
0 0.72890625 0.97421875 0.0546875 0.0515625
0 0.61484375 0.821875 0.04609375 0.06328125
0 0.565625 0.95859375 0.06328125 0.07421875
0 0.33671875 0.97421875 0.0640625 0.0515625
0 0.396875 0.3109375 0.04140625 0.0515625
0 0.33515625 0.22421875 0.04375 0.07421875
0 0.0203125 0.178125 0.03984375 0.05703125